$ANSIBLE_VAULT;1.1;AES256
66396134316632616662646333656265666636323135323535666363633833343837396634346163
6536616132333533613939333366653738363164373633380a633231303139366431393935636138
31373866386166636365303563636330353764623734343166316331313863646339383961636539
3533633065366130310a663963623633643032303137636239326362646163653463306535336534
31633264353130616134356139336465303566636436336363326338313966643466663832366362
31373764643038653539646262346536366133393661626131303430363136363465636133376131
37383731363238303064656266343839353639386433633637343465643630303231343934316332
37616465383334663038663336326431643365626132323161633238623961383637336532666262
62333437383234303735653934653630643934666634366532636165643337356663633234363637
37386663666433336464326533633764613663626234383631336234383131663333313037373562
65383062646563353266313664633533393166623265396135643230303631626332613835663164
30623631343130363132386237396261663432373739653137393661373637393666633663326463
63633162306336646436343261356665333134326662333831613830633064653935623536336333
66663862633938303863376635326565343838356439366531393137396339303431393331343834
63346531623236326630333737623234386337346231353766326231373464626563653263656463
32313766646435346561363830396632663039643564346630336435636232353662643838316162
62303764643430613134373031343865343436396435396338643930346262616363313631633662
62333934333837353032626632393261653865323837363435363466303338656636313332323238
616536643062363765383233646134656562
