$ANSIBLE_VAULT;1.1;AES256
61373864333934656264326536326435306136393661353839306334353765383139373035653733
6434653238613736393730306339366463613764383338620a643130386138653333356665306437
64643936643833336365663164633330613562616165633734326464393863636262666265353839
6236613336303738390a646165613363666634353333353133313163353564623531316465623561
35663839326435643031333564323731383237623362333331306430353538653539396638656562
33623231323166373964663662373231373065623066326265303934666666306335343933316234
64373233383131333762306335343831393364346139663563376664653161326665313333346533
33663063663262323539323238313061376261376564633165383264663839363637333662376332
36633835313232636430303738393631373434373433613236626532386430386137316334613537
32613963646336366338626135653764313764656463336131343765346165323230643862656235
31373634343261373063306531346236303931396630343462303264303337663636643765643738
65356563326431396662353039386661663637333964313037623635646534353531633339666337
37383439323363323037663831623730333738623533623036333562306566323433393236656361
30623038336138333062663038663965316530393738356266613734386233326462303462353231
38363565663139316532643963333332366531346136656230616562616166663332616665313566
64343630333530323563333134396534303766353438333636346165343930343433343630656138
61323932353535306564613961326561376632633934346466323136303963613339336638383232
62386636333137316331303933353339343238663235613363353231373239626364323131313537
39333537383765613565613337316263376231363264383230666535656662356633663165316165
39633535626566656437356235363664666336613933303832313465373233656132383365323538
38383239303333353665663931373437343034616164363631343434366663653235643365656261
36623661396265643665396436393664626537636332356333343331356439653536343036303633
31316231343339316435383738643232646465376366333234373430613733323034303034656636
65396136396439623237346162383464326535306438303163626364393230643630643761653034
33353763343061303734613165656263663762336438356233396439373939643964346233316533
62323332316134663163386564313366363730313362666334386364393833323633333630633335
61336562666565663363376661363763636334363933396166653361666438656664316234326263
37623863656638353134653433323435396139333564396130633766343263633637396365633232
61383638643634636563633532626663653335383538333137633038626334643131653363356364
35663236643832326234313262373831653738303934373365396639643865633966633534626639
37643536353530326439616231306235666562396663326566376366636639356636393164396237
32386666303231666135313765636631643163313333373962663636643030653730623530343431
39393163666532326461396339393137396639663635346235303262373965343863353964343163
61633834383039336266336162376564386433346361303664653163613265626639303537393139
31323262323137356362613261623434656363353735666534633861333365636365383738356134
38366131336666623335636464613764363932313733656239396330653336393538623637393037
35383538373137313633313161353462613330643534656330343334666337303865306366663564
61363039373561303537626164353139326361343931303833306462376164376363633033366535
30376265346163636636323162663332623336313037313062613633616163663834336164633366
36366630353538386537346432653530623431626138363931323633363138613864623836383937
61373238623931613762376232346565613935666131663433316161303239623932363065336337
63336666663731353338663864386562396138386663346432646465373463343162396631626337
30633362636538383261326432346261666232356165373862323366353237306134343465356465
35623663333434663562383961393737323434306263636363333730333639343834363736636239
36346263333464323134616631386462613232383937336464353963353038316662376631663032
39383535613863666337626235393531653833303939623663333334653838653435343130663730
31616662316536636339313830303361303465643838323862623765623137313339316465373234
62303061616330643131303065653630663230323938303930336337303734393433356536623438
37663534666530393137343437346133633433383230656438326431313030393939303033623636
65306536313961633130393761623937636531313032363838626336383837383166646533653239
65643034316236326536323033626535373065336139306364373931383864376139323130653463
38393337333133663465303933663037636366623761333238356636343966356262383164333462
37316262373335386635613434656130333435623136643639376565373234396435376363393935
61623561626163336334363361643934356630636236393961393033383035663134313036613235
61356537363530333437623437316537616161643831343931333330626637363135363463396232
65316430623236353439663762613030373864666463363934616164366663666639383337376535
61616136383432353462313565653232303834343461326461643266636234623764343335333437
63653566363062653666346362393838313361643232396334323430666163363331626331306665
66313839316364343731393362623262386565363936386438343866393231653064356435383934
37336438643038363766336634396631316364633863306635353763306464396335323733643236
38663665313536636362306232346361383737333865363065336338363434316332303636323930
31383362343862373734633836356531376233363639653363623737663830623962363865656664
35636239376361353965373237653134643764616136643837356434323765373462353738306238
38623432643734346264366364393339653561646439653032633639343037376365646263646161
32356564306638323062653734643862323835613535386234356430346533616636373437633737
66656366316237663832333266373734653234363333633537336138316263323063653261373461
37393638326665366563343131663031646561346132623061373763336330306534613634373033
34663665323462303162353832323931663831313863373434326136633137336534373233633966
64363438313232313133326539343231353336323933356330383732306266393339306239316236
65663962383936653139616666376334396466363230353231626264333730393964316639303164
30613761626562663432396638396164633233333334623932616434343239643263343038386537
33613462386333353063653034306334313936363837396534316164343133313366393737633234
32323262376333646530383738643062633035323435646264323535343564393962643836616230
37383566643261313762396337336239336239336137306639306263636233623964336236613835
63356137393638393164323961373236663436396661623165343833666432396232653138656230
64383737613761356439346334363937376666353335613536393032313235666633623465343036
34633334323033383865343065353532303235313563376462613763366133353236373333613031
37386136383764393366633631373864666664643632346133353134626237623862613031653262
64393166626632353563316666373739393038663638653635356537303564346163323633663263
64646432626566393233356266616336383038336235343932333137393233373532346165323361
64303164653934653661393935663761383536623862313631386533613462656264323964646661
39636139363765336230313430386332323434666363663733313839363839396236346436663565
35316434613265633738393665323762323937376433353262376461333434336132333564336331
38313632353638643464383466383135653035363139393332316565613132666564336265616139
65366330343034323166646337666637643531333463393261643231306333623435363639396434
61396231353033383634626238663763616537366263356264643430653462396331373535653764
62336364336263386133376131366531373962626636663836393734313130633235383935643235
35326537656639303031363865346634346331306662656465366561303263363939353230393339
38326463323831653664346563363831336634623166373037353739656239303264373836386662
30306635323561396666366631363363363166643939623836346530633331376539333439363162
34353430313764336238303934623539653264396364316232393561383035303237663264623134
33383766666465653164373964646537306161366337663938343335663164626462633265653964
30663361356339326238343137343532623134353937633237373531373365626536663637653837
34613134646166643730336135386437666234313633356139313831666562623336323165306534
34646161353233383864313666653865366437333036356631373964653332333461316131643162
36623939623762316535663039633735333537373764636239383933656239666332353533376431
32353539633161396134653938303137386561623662313265303261336437643561393665616564
65636632363335653733316465356139383031633265343964393734623665303239353465356638
61663363623538393164326230623164326132366665313265323538366566373462383438626438
64386535616235343464393539393834346331316530643865313963653836333337663866393830
37386437343364653833383638626138323361376535366238366433653261353434363466633530
62383832623265316264656537373936653862343462323263613136383663303734616264653738
33373336666332366264363861656233663230643039323732333865613333396137653837346362
62373464373533356234623861383534613039376334373335356430333464353237393061373033
35323663393631623161663562653761376664363464346438363737326562323362333833313438
66326233656363326635303035613430363039656233326237656538613236636532636439316663
35346463633862336536323166633262653837316237353562386138363064393036633630326430
32626166613537343230616262363933323330656333363462636539376538393131346431363666
34663861653835646237386264636237373965656238663265616134383735383564376562343465
63396233613461306639646435616139323063386166346164626630616231656237383430356637
61653737316532353133656633363065363661363938346437316234363132396466343465633438
32336639653863663964393133396438373930633261323636396135643633353335653062333831
31323763633461313331373361643161363266306535366137613466333336363434653039313934
30383833363563396462303061663232303537643236316631333832316634643934386539323832
36633763393836396366353062303130303663353136313037303433623331356637386663313963
35626438653631373638343533313765316264313531363966313736333439393439663532356138
33353863633233643362386262366130613166636239356666303833333562373965316335663436
61316663333563396563643737663831386138666665316363623365303336663866376637343564
64623235663632383462613363366135313566353662656535643730663363303131376637353465
36396638616131306236626438656265343430623066653832376661613662363066623665346565
32336131653463653030656365393133376435653436613966363261646131643265326633386633
35346131306130393765646363666538336333626233333466663730336338633862666134636534
64386336666535386666346235343365646137343066623730643839623533366636343861386232
37346436346635373635333831656166373337383163623666633339366431366164316630316461
31333330316665616266643834373639373331386337616436383831306662663965363066353739
62313266363266626639643738373762306662653136386533393762623035373633663134363137
61323161303166386463393533343161656462616238633866373438376565353839646535376434
35643831633937666336353666656133336264383935623433643062373962393239363534386432
36663831333932373438346534386565386266356431626136373433633337383932373431303539
34333332333038663565643831646533333937323861663135306561383131323838656162613638
38613537353861616231636439633066663834613139353132653937613233323265626265363437
32396663346237316130643437633139353566316236303362656364643534643839386330396535
30353733636131323138633733646432353835633039653064666334633364326434383266633931
35356161613431356538383235383737646465663138663136343031623265666130383932373539
34663131353532616163376132653135353038393933323532386261643936653862616135393464
34336431623261373730376331303730626335626237363435623665306563383233303062653261
30306164313434306638623361613535323039613130653235343564343039363134316431636439
32633962336438613365616138353663366332386539323732663764306564353835343835366439
63623538313661386439303630636438646538326264393266666165666131636335336436633134
65623530373361383234366237343132343036356666353561653135333031343037663133343461
37353532323865343064346435363662613935363239626436326362633561623965333937663661
34666338626462323734616463303063636337343336353335333061666566313635313433323139
66636161323263646433346165616439303635346164326139623932346432626335366264383962
66353131363830313262663466633433656432386639656338353633313030336231656264363061
66313865633739316436656137666665333261626263323439343039383034333761363866376461
37306330656236626562333132343337396464303061396537623536333866306432393638303865
31306131363839396465343262623637633566336330313437373234313235346230363465613430
65313533656337646238316463343236396662643135313835333564636364373531653137653561
31356236633166356361346636353339643738366434343937626437353565326163313932386137
64333632373863653032623131333231313464313165613937303963376439333266663032616130
38306534656635336630656136393365383039353836386362623135363339653936313937626134
34313734346533386461316161353839393734316432333863653731643231313734363331656439
64646163353362613938306337346438363065323830376239373766326361373363396131303534
34363533323631623932336663366231363935333337303139613335396264623339373862643631
38353137633163373865343263646239633065643466396461333866366638656536343063636166
32613964623739666637356134333562316636356264343530336236383530363635336238666361
35656133373931343835633464333030373934393065323662363731333833313132663764623863
63356264316230336333616565303861613930383962366666383437373534656463656332386262
34663264306261646238653532343233316465633264356432613161616263373865316538333636
38323462323138633634636338633830663761326633323735303064376339363738376339303164
34313561363562666130626336303630343138626338353134363734396661356161333439356432
36343438313931333166663739343632323438306136373961383934323963343363373932356130
63323133653236633431356332653861383166396332633932636563303561633565303537326435
65356337386661383363336633303630373937613335616264666138663430363836303434643564
34613334366534326530623865346364383561303334313863356338393733396234613837613338
31613565623136643533313062613832636564666262633835663239316536303536633662396532
37643832616130336338616134373234616536643032643763633438663237366161303637666166
36633063383636646663633736663932363038633762633734626361336633323134313661303839
65303461373361623334313633646133653934613463633935656131363439623232313838393337
3233373938313034333038393636653135666161383139623236
