$ANSIBLE_VAULT;1.1;AES256
30306134383364306161386636383939306566336339613861656638623962373738373233643839
3131666438326538326139366439653533303234613966650a393530633231396165636435363338
31663936643732383664633733346338383536393031343831656564396633336438386539626337
6130653531636163650a373633643838363565616364666363333038343533663137373534383262
34313132336238356464643130656233663839636561373036366366643034313731373439613232
37303031303531346136396163303262363433356531646664363561393165353638383438393633
66623031626138613939643338663332653232646163353734313036633462396233393530623664
38656335373333316133376231643437326433343463336132643730353063363132653834313539
62666139623333613164643034653836633130613333363666646661616362303365373031323731
31346133626364323039633336626665363138333134646336343439616461303733633734626465
62666139653362383464353163656465333262363466323338363536333535373665656535616433
65363833643964323234353032386334353463313164636536363039653437393935646364376537
61663265366161636264363164643064383466666338346235333564373664613734663237363036
31633133323230373462373764306666663633333031613963346161653163613039653662363138
39663432623164333836326432666232383535363034653361626536353130373839353064353365
66666232393664343830336562623330303262656138353938383463343962633537333636363766
63386263313165303566646166393464636164323535636566363036653862393663643161313262
38353331643461326337343133653562393635303636313463623465336437633330393833643332
66313639653234326666303236303537316263323262636632316135306363323431366133616163
65353261353866306666656164373137663435613138643431346464653135336666346661636538
35343362333237643736663334666433623935303730316465343231633738613735316161663963
38396333626237376638383132613136353461646130303161373162613233663162633762343239
35663535653461306434656339616334333163636639623230653265343266613939383233303135
30343735396266326464616166383735326364336435363833386163336336313365626135616636
35326534336463386462376562616534353331366165643534333135656562646635323736313336
66333262333665333161383539656666393939393132353966643362316236383830623334396563
34313461356563353865646663313335323333383038663366376133336138656261386237333931
30396461346566366336653739323861313966313232666566303366393261353864366662626634
30633336623336323862303633343139313363393139333733316235323762313033326137376237
65343032373730663437343930343562336466333461663362343631386439373737653539623562
61616537353261383162633938396230643064653361306665343565653063643137386464643835
64336530306461383461633037626538653331666665646661616639653664353637346330313836
39623239343762313761343033646635323862626339636632663863363231616535366536323931
31633830376239646232666334613266396330666664323363306235646663626236376665326635
33326665366237646437666334386435643331346661366561383663633762363061326266376462
39303036393735666634373230633331396463326334636237663531373538383266616434343438
65623231613865663535643932373064373864663763386662366665373131333731363936373835
34633861396535656333656633663564616565663466373035396466393930333565633733326561
34393636656263663931623465336239626164353035336162306530633335393035303565643938
31383838383261616633383465393165636166643231626266353631343935343563656433393066
37343531326266616235626538356231643230656136343731303139353461393166336438343231
31613663626266353539383263356162396231303463643362313965316132396437356133626138
34626630356562386265353530316135646236636563303436386133643364636134383565663833
36346533643838326566643235666236343564613033663364653964626562386133353565616466
65326564653535353734393234383665393134633038636430616432333031376439343161376363
63333461663662363639303562663231303932373939316236336130306438633461313539396630
39333463363664316466366439613736343861363736663561653565396536626435643134666531
38343039633464323430643031383263656332666366333730613732646662366565663863373964
38343832653365353165623066383037343264663435643233356661353163303630346364313236
35383537636638346133386437623861613164623833646566326531616530353036323037353364
33636234653731373831663232346235363530306432376530656565663366336334356539646130
38306661646261656664356432396633313432376636636336376236376638643964633030353830
32383866396630336439633761613131663262373534353235646436396262663239366165333539
35316136353364373466643838623438616234643964333535643132316137646666303765613433
64313037633864333065636632303136323064346362623763623930373761353634343462303365
34356533653461633436316135643139373934313238396637646661663636396138343364376435
37626433616630626433626361346161626366663938313738303231306436633566383839653630
38663834313664616530613830643431323231303036366261396233383937356330393165306333
37656339623938643739663932316464643062333630313364396535323138346464383761373138
64326538313265656430633461333334633835343332396166666565633131383232633237326133
31303632333063323666386331396432316363623137613363346166343064656334626363333832
36393830373730666135323135636238373132383231666365373030353031353834366634333138
31363336313538336233623765656131643532663330636264653665626261616130373235643139
39633666383030623038333966636662383364616464623630383734333364326161633736323133
37323834383561333862333832373362333630303066373836656666636236306430636265306333
34666136363265613930643339613564356437656565616264343866313332636434626331626530
35653030633036613763633232383831626264633161373561333437623335633737393661643237
35646431333336373630656365316137383464666437336535623233373839653231353536646231
61633238393234646534346434366235633534636537356562636335613763343135366266343733
34633663306666646430666436613364376266313664356139366265383232666165306661366363
37623037356338646162623938303332383734346264393133363633316130363830626634373134
61366166346661626265633665663664386164626238623865636232643162663436303466656534
66386263353834633634613365376366636535663663653833363436326639346664643737383634
66323834363836383439313362323633646235333131396339303230623539333731303566363163
63616138383563633164343839663130393731313634376134613530653535356562623435336264
32346532323962613734386435373930663930656334323366323361386533396561383438616630
61353963386633346166633730643834356263653133356133663035616338643962613361333836
62376532333432306133316365613231386463306339333837313135623762353536653865393634
61383933643466353663393765623465663731633533633931386566356636393964663965613838
66333738303365376537663231323466666637353239383162323633633332306261393035613362
36363432643234623165356366323564323664393335313166396361663563313331343733666131
36303162373062323761396339353761646637613238346263613337366132323462616561326566
36393835656565643235373038326461383564313464356530666463626664633931333432323136
64656463313265616563303435323062323934343338326538366565623863656434666435393938
31653230386534626265313164633163636164373539666633343234346462386265313532653333
61316538393833366262306134313236333361623261326331313831336136323432356131383431
64653839353130376666663065336566616166663930663563313035363538353636306438343666
37343731346530396236623331383864396464613535316534336661653430336339303632646237
32616637623036306537323462306333663462636631623533333830656466616333343365346331
62323131336362333931313933303138313739336138383131373166613739333965393562393061
66633562333334363661383536306232346531363030373033656538643032663439653431393130
38636262356363366462353932616632373234666239373865613034313837643966346565386135
65313334663761393239326562616339393136646163313265383131653231643038383836356530
30616436613038356264333365383965376530633933643937386464616464313737373130326130
31643933363035303736316638386364656563373065636462663566346635336431333135343565
62366664346238656139616565623539646133643536366138613064363763396537613931316339
66343265323564333866643636333435343765313465313638333762393364616136313437643061
39393034643130386362393434363534346639373163666566306630346232653630663164353838
39633432653131343134643262666162393461303932643162326563376439653631623330636533
65383930313937353139633961366630633732633262346631613462363163633461393035383435
65333931303931356566343137626665323537366265353432663264666531653338363031656362
34623562316330636432313635663434346332613661396261343963666630306361393931333265
31663664313135393635303436303763313964363134333565373233626462643032316539313037
30653964373665643833613337653734316130636432336231616364633065663337393364633735
61663638356136626261373039373036393332623732666332636439653965646363396232303865
33373630316232656665646230383533386165663963643434393337373761343936613135316239
38643430363537303261316164323736353932323132346435616166316336396366613964316138
38393736366238363063646537633930613530623233623364313663366464373563653839633765
34393735363437623632303131396634356236613630333938623233333332623436303233356337
38393631383338623738336638346138353761323334643038646438646236346264623733333137
31393834363833336334363863353366663365653032333838323438396662313037306634666366
30323461623439653736613464663131626334663431303034366166323966376161333832386530
34366466636238396234396335623661663031346261356634353638616332313939306238306461
61643038613962653739363938663636356636636361313361396331353461643535663137613135
33346133333761366232323662633930663966333731373430633366663233646537616635613234
31373066393063356430333236666632313332363736643437653736323832623464363139613738
66366462656562303966373038633230386337313862626235613364386532323030653734333035
30343765663534383063313437356135363237613333333139613636623865653665313062363834
64376266326138663330363436373261623636303939333739663134666163326335303832303938
39333730343461613466366231343639366161326636336664633536626539623434613665373935
39313263376663366333666130373137323162626565336332636434366436373532363036663964
30643835666665613664636165383861356330623063373365363866393738643161633939633962
62656334646464653536623966316638643335373535393130323136383839376263346437616439
39396631396336313165656661386633643237383862646231313039343065653262623138333934
34373436376466363532663061356463386431653435633338663938653861353633383731366234
36663466616466643739346530653864393930396364333532623161356239663464386465383436
63323165363230666431306434346263656631323331623834343234373363373737373866633161
63393235396437336562343165386566343835623364376564353865303533323565353466653733
33303263343137646137613237363637666637366136303732373138393634613962646333343134
66303038306538636135616665666535653461626433653461346437356136323639653931306335
36616665636162363638306266636535663937353134396235356634383261343639313433316436
66316338336635326438623339653163613736626166336530653134303935363637333636306534
35326166383935653035666364643533353038636137386237353137626533306632366131373064
37636530613431336561666165363265303235366332653530366663646434343636363462346463
64643230383336623935303162396534366236363866316463376431636333383230313934303430
36393863313462663830646533313433633232643837346161653432373161626464333235383035
63663932636533346532306630393865653630363863353836313739616637343762666530396434
62626466383834333735323062343438633865333936306232393134636562383962323837366531
30666666303333623137386132383038656532363865613631643033343531666165383938366562
34383131323031333238383462323337323330616339656461633739303836626161366437373533
61663532346566636231376166363463626630616536343037346336663661633463383237613331
62613235336133343231623562616166373764636638393863326232353039643261353635653536
30393938626137653461363463666130353637396439396431653134363837366363323463386665
34353963336561643831343362333864326165613866643832643438393438306334383736323433
34623063363561666431633836316137336162613935653561393761623036333735306661643063
64333935346235343633383731343132393035653339363230356665353438336537306166636666
39363962613366616232303931363839316163393961656431386139303666313338313264326163
65623031633236356437386132626237616437666131636334373962326633393633613833326262
30333735643462366261336231386130336361326664656135306564393339386534366565356164
39386331383666656561653336656663663235316565396635353064623333616230383433306335
31393466376535316634356261626362353239386433373039646564393464626564386636343433
33613130653630653239656265363661353934633064316534306463383935363463333339393038
36643939313937633835303363653462346663663139626166616263613130336632326663633431
63303933666233643438303963396330636330653835353130643362313533616536636131326363
34303766623165646333633034326335623964343166386162343963396664376531363661333664
64313136303132663534333539653962356434663561663837303965306332616538633438656535
36303964343532346665356537306564346335383835396562343134363231653563626134626439
32383738393063663162326266656437383433633430396632363537633862363839313864356161
32303035633031386262363035616663343232613738376633643864316136353939653633616261
66653361663034663830616335326139643630323730333266613539336537306633313935626234
34383161373237643936333466626362383133303633646433343364626332663935346237643938
33623734383463373361373031313561656363643665613861356437343264643037646362303835
33353961366531363363313166623435353234383662613231643864383630656364333238336665
31336433663761643932383239633865303035636531386532333837306537313364363465303235
34363137636533333830373035323232366338383231666439663465613231303765323333346464
30623064646632383966613366666134656639326233653861626133613266663765653363336431
30313532343664316638653936386335616162613938333862373932346166383066353439306566
35356631333136663931376330616563666334343439336139363532666334363232666137356138
33386161613934623131326132313866643834643465653762653965336631646161
